y <-
  c(
    0.5676680493354798,
    0.5891028141975403,
    0.5995286345481873,
    0.6121585863828659,
    0.6215087634325027,
    0.6295150750875473,
    0.6359887462854386,
    0.6431410187482833,
    0.6493901759386063,
    0.6565109884738922,
    0.6619284248352051,
    0.664694647192955,
    0.6695019441843033,
    0.672193956375122,
    0.6737511938810349,
    0.6782331424951553,
    0.6821428561210632,
    0.68408467233181,
    0.6865698313713073,
    0.688057889342308,
    0.6899268895387649,
    0.6913336980342865,
    0.6943408423662185,
    0.6966029077768325,
    0.6976481705904007,
    0.6993688666820526,
    0.7010572654008865,
    0.7014371877908707,
    0.7031419676542282,
    0.7036369419097901,
    0.7036553364992142,
    0.7040537869930268,
    0.7069292932748794,
    0.7069292932748794,
    0.7069292932748794,
    0.7069292932748794,
    0.7078037589788437,
    0.7078037589788437,
    0.7087663686275483,
    0.7098771399259567,
    0.7098771399259567,
    0.7111829036474228,
    0.7113938117027283,
    0.7116365975141525,
    0.7130741626024246,
    0.7144131338596345,
    0.7144131338596345,
    0.7144131338596345,
    0.7144131338596345,
    0.7147586578130722,
    0.7147586578130722,
    0.7147586578130722,
    0.7147586578130722,
    0.7147586578130722,
    0.7151380378007889,
    0.7151380378007889,
    0.7151380378007889,
    0.7151380378007889,
    0.7151380378007889,
    0.7151380378007889,
    0.7151380378007889,
    0.7151380378007889,
    0.7151380378007889,
    0.7151380378007889,
    0.7151380378007889,
    0.7151380378007889,
    0.7151380378007889,
    0.7151380378007889,
    0.7151380378007889,
    0.7151380378007889,
    0.7151380378007889,
    0.7151380378007889,
    0.7151380378007889,
    0.7151380378007889,
    0.7151380378007889,
    0.7151380378007889,
    0.7168466591835022,
    0.7168466591835022,
    0.7168466591835022,
    0.7168466591835022,
    0.7168466591835022,
    0.7168466591835022,
    0.717780874967575,
    0.717780874967575,
    0.717780874967575,
    0.717780874967575,
    0.717780874967575,
    0.717780874967575,
    0.717780874967575,
    0.717780874967575,
    0.717780874967575,
    0.717780874967575,
    0.717780874967575,
    0.717780874967575,
    0.717780874967575,
    0.717780874967575,
    0.717780874967575,
    0.717780874967575,
    0.717780874967575,
    0.717780874967575,
    0.717780874967575,
    0.717780874967575,
    0.717780874967575,
    0.717780874967575,
    0.717780874967575,
    0.717780874967575,
    0.717780874967575,
    0.717780874967575,
    0.717780874967575,
    0.717780874967575,
    0.717780874967575,
    0.7179283291101456,
    0.7179283291101456,
    0.7179283291101456,
    0.7179283291101456,
    0.7179283291101456,
    0.7179283291101456,
    0.7179283291101456,
    0.7189695477485657,
    0.7189695477485657,
    0.7189695477485657,
    0.7189695477485657,
    0.7189695477485657,
    0.7190708500146866,
    0.7190708500146866,
    0.7190708500146866,
    0.7190708500146866,
    0.7204397618770599,
    0.7204397618770599,
    0.7204397618770599,
    0.7204397618770599,
    0.7204397618770599,
    0.7204397618770599,
    0.7204397618770599,
    0.7204397618770599,
    0.7204397618770599,
    0.7204397618770599,
    0.7204397618770599,
    0.7204397618770599,
    0.7204397618770599,
    0.7204397618770599,
    0.7204397618770599,
    0.7204397618770599,
    0.7204397618770599,
    0.7204397618770599,
    0.7204397618770599,
    0.7204397618770599,
    0.7204397618770599,
    0.7204397618770599,
    0.7204397618770599,
    0.7204397618770599,
    0.7204397618770599,
    0.7204397618770599,
    0.7204397618770599,
    0.7204397618770599,
    0.7204397618770599,
    0.7204397618770599,
    0.7204397618770599,
    0.7204397618770599,
    0.7204397618770599,
    0.7204397618770599,
    0.7204397618770599,
    0.7204397618770599,
    0.7204397618770599,
    0.7204397618770599,
    0.7204397618770599,
    0.7204397618770599,
    0.7204397618770599,
    0.7218759447336197,
    0.7218759447336197,
    0.7218759447336197,
    0.7218759447336197,
    0.7218759447336197,
    0.7218759447336197,
    0.7218759447336197,
    0.7218759447336197,
    0.7218759447336197,
    0.7218759447336197,
    0.7230191493034362,
    0.7230191493034362,
    0.7230191493034362,
    0.7230191493034362,
    0.7230191493034362,
    0.7230191493034362,
    0.7230191493034362,
    0.7230191493034362,
    0.7234906709194183,
    0.7230191493034362,
    0.7230191493034362,
    0.7230191493034362,
    0.7230191493034362,
    0.7230191493034362,
    0.7230191493034362,
    0.7230191493034362,
    0.7230191493034362,
    0.7230191493034362,
    0.7230191493034362,
    0.7230191493034362,
    0.7230191493034362,
    0.7230191493034362,
    0.7230191493034362,
    0.7230191493034362,
    0.7230191493034362,
    0.7230191493034362,
    0.7230191493034362,
    0.7230191493034362,
    0.7230191493034362,
    0.7230191493034362,
    0.7230191493034362,
    0.7230191493034362,
    0.7230191493034362,
    0.7230191493034362,
    0.7230191493034362,
    0.7230191493034362,
    0.7230191493034362,
    0.7230191493034362,
    0.7230191493034362,
    0.7230191493034362,
    0.7230191493034362,
    0.7230191493034362,
    0.7230191493034362,
    0.7230191493034362,
    0.7230191493034362,
    0.7230191493034362,
    0.7230191493034362,
    0.7230191493034362,
    0.7230191493034362,
    0.7230191493034362,
    0.7230191493034362,
    0.7230191493034362,
    0.7234906709194183,
    0.7234906709194183,
    0.72398024559021,
    0.72398024559021,
    0.72398024559021,
    0.72398024559021,
    0.72398024559021,
    0.72398024559021,
    0.72398024559021,
    0.72398024559021,
    0.72398024559021,
    0.72398024559021,
    0.72398024559021,
    0.72398024559021,
    0.72398024559021,
    0.72398024559021,
    0.7234906709194183,
    0.72398024559021,
    0.72398024559021,
    0.72398024559021,
    0.72398024559021,
    0.72398024559021,
    0.72398024559021,
    0.72398024559021,
    0.72398024559021,
    0.72398024559021,
    0.72398024559021,
    0.72398024559021,
    0.72398024559021,
    0.72398024559021,
    0.72398024559021,
    0.72398024559021,
    0.72398024559021,
    0.7243138086795807,
    0.7243138086795807,
    0.7243138086795807,
    0.7243138086795807,
    0.7243138086795807,
    0.7243138086795807,
    0.7243138086795807,
    0.7243138086795807,
    0.7243138086795807,
    0.7243138086795807,
    0.7264988100528718,
    0.7264988100528718,
    0.7264988100528718,
    0.7264988100528718,
    0.7264988100528718,
    0.7264988100528718,
    0.7264988100528718,
    0.7264988100528718,
    0.7264988100528718,
    0.7271909952163697,
    0.7271909952163697,
    0.7271909952163697,
    0.7271909952163697,
    0.7271909952163697,
    0.7271909952163697,
    0.7275290322303772,
    0.7275290322303772,
    0.7275290322303772,
    0.7275290322303772,
    0.7275290322303772,
    0.7275290322303772,
    0.7275290322303772,
    0.7275290322303772,
    0.7275290322303772,
    0.7275290322303772,
    0.7275290322303772,
    0.7275290322303772,
    0.7275290322303772,
    0.7282332879304886,
    0.7282332879304886,
    0.7282332879304886,
    0.7282332879304886,
    0.7282332879304886,
    0.7282332879304886,
    0.7282332879304886,
    0.7282332879304886,
    0.7282332879304886,
    0.7282332879304886,
    0.7282332879304886,
    0.7282332879304886,
    0.7282332879304886,
    0.7282332879304886,
    0.7282332879304886,
    0.7282332879304886,
    0.7282332879304886,
    0.7282332879304886,
    0.7282332879304886,
    0.7282332879304886,
    0.7282332879304886,
    0.7282332879304886,
    0.7282332879304886,
    0.7282332879304886,
    0.7282332879304886,
    0.7282332879304886,
    0.7282332879304886,
    0.7284938025474549,
    0.7284938025474549,
    0.7284938025474549,
    0.7284938025474549,
    0.7284938025474549,
    0.7284938025474549,
    0.7284938025474549,
    0.7284938025474549,
