y <-
  c(
    0.5684076100587845,
    0.5959058493375778,
    0.6118047589063644,
    0.6241432279348373,
    0.6352663886547089,
    0.6464562565088272,
    0.6516611063480378,
    0.6589982479810714,
    0.6655308943986893,
    0.6693355923891068,
    0.6746302741765976,
    0.6788954615592957,
    0.6824763268232346,
    0.6871851700544357,
    0.6899990576505661,
    0.6919585210084915,
    0.6960714542865754,
    0.6985483485460281,
    0.6991811168193817,
    0.7014109551906585,
    0.7022892582416534,
    0.7047190678119659,
    0.7060052281618119,
    0.707630677819252,
    0.7084897422790527,
    0.7085996162891388,
    0.7085996162891388,
    0.7095609730482102,
    0.709646115899086,
    0.7107758897542954,
    0.7113201123476028,
    0.7121545368432999,
    0.7126483201980591,
    0.7126483201980591,
    0.714056476354599,
    0.714056476354599,
    0.7149088507890702,
    0.7149088507890702,
    0.716846758723259,
    0.717123458981514,
    0.717123458981514,
    0.717123458981514,
    0.7172985965013504,
    0.7172985965013504,
    0.7172985965013504,
    0.7172985965013504,
    0.7172985965013504,
    0.7191481202840805,
    0.7191481202840805,
    0.7191481202840805,
    0.7191481202840805,
    0.722149019241333,
    0.722149019241333,
    0.722149019241333,
    0.722149019241333,
    0.722149019241333,
    0.722149019241333,
    0.722149019241333,
    0.722149019241333,
    0.722399890422821,
    0.722399890422821,
    0.722399890422821,
    0.722399890422821,
    0.7233707964420318,
    0.7236601674556732,
    0.7236601674556732,
    0.7236601674556732,
    0.7236601674556732,
    0.7236601674556732,
    0.7236601674556732,
    0.7237278473377228,
    0.7237278473377228,
    0.7237278473377228,
    0.7237278473377228,
    0.7237278473377228,
    0.7237278473377228,
    0.7237278473377228,
    0.7239394176006317,
    0.724153361916542,
    0.7246119636297226,
    0.7246119636297226,
    0.7246119636297226,
    0.7246119636297226,
    0.7246289443969727,
    0.7246289443969727,
    0.7255151289701461,
    0.7255151289701461,
    0.7255151289701461,
    0.7255151289701461,
    0.7255151289701461,
    0.7255151289701461,
    0.7255151289701461,
    0.7255151289701461,
    0.7255151289701461,
    0.7255151289701461,
    0.7255151289701461,
    0.7255151289701461,
    0.7255151289701461,
    0.7255151289701461,
    0.7255151289701461,
    0.7255151289701461,
    0.7255151289701461,
    0.7255151289701461,
    0.7259848368167877,
    0.7259848368167877,
    0.7259848368167877,
    0.7259848368167877,
    0.7259848368167877,
    0.7259848368167877,
    0.7259848368167877,
    0.7259848368167877,
    0.7260740220546722,
    0.7260740220546722,
    0.7260740220546722,
    0.7260740220546722,
    0.7260740220546722,
    0.7260740220546722,
    0.7260740220546722,
    0.7260740220546722,
    0.7260740220546722,
    0.7260740220546722,
    0.7260740220546722,
    0.7260740220546722,
    0.7260740220546722,
    0.7260740220546722,
    0.7260740220546722,
    0.7260740220546722,
    0.7260740220546722,
    0.7260740220546722,
    0.7260740220546722,
    0.7260740220546722,
    0.7268447744846344,
    0.7268447744846344,
    0.7268447744846344,
    0.7268447744846344,
    0.7268447744846344,
    0.7268447744846344,
    0.7268447744846344,
    0.7268447744846344,
    0.7268447744846344,
    0.7281829798221588,
    0.7285641920566559,
    0.7285641920566559,
    0.7285641920566559,
    0.7285641920566559,
    0.7285641920566559,
    0.7285641920566559,
    0.7285641920566559,
    0.7285641920566559,
    0.7285641920566559,
    0.7285641920566559,
    0.7285641920566559,
    0.7285641920566559,
    0.7285641920566559,
    0.7285641920566559,
    0.7285641920566559,
    0.7285641920566559,
    0.7285641920566559,
    0.7285641920566559,
    0.7285641920566559,
    0.7285641920566559,
    0.7285641920566559,
    0.7285641920566559,
    0.7285641920566559,
    0.7285641920566559,
    0.7285641920566559,
    0.7285641920566559,
    0.7285641920566559,
    0.7285641920566559,
    0.7285641920566559,
    0.7285641920566559,
    0.7285641920566559,
    0.7285641920566559,
    0.7285641920566559,
    0.7285641920566559,
    0.7285641920566559,
    0.7285641920566559,
    0.7285641920566559,
    0.7285641920566559,
    0.7285641920566559,
    0.7285641920566559,
    0.7285641920566559,
    0.7285641920566559,
    0.7285641920566559,
    0.7285641920566559,
    0.7285641920566559,
    0.7285641920566559,
    0.7285641920566559,
    0.7291994225978852,
    0.7291994225978852,
    0.7291994225978852,
    0.7291994225978852,
    0.7291994225978852,
    0.7291994225978852,
    0.7291994225978852,
    0.7291994225978852,
    0.7291994225978852,
    0.7291994225978852,
    0.7291994225978852,
    0.7291994225978852,
    0.7291994225978852,
    0.7291994225978852,
    0.7291994225978852,
    0.7291994225978852,
    0.7291994225978852,
    0.7291994225978852,
    0.7291994225978852,
    0.7291994225978852,
    0.7291994225978852,
    0.7291994225978852,
    0.7291994225978852,
    0.7291994225978852,
    0.7291994225978852,
    0.7291994225978852,
    0.7291994225978852,
    0.7291994225978852,
    0.7291994225978852,
    0.7296282887458801,
    0.7296282887458801,
    0.7296282887458801,
    0.7296282887458801,
    0.7296282887458801,
    0.7296282887458801,
    0.7296282887458801,
    0.7296282887458801,
    0.7296282887458801,
    0.7296282887458801,
    0.7296282887458801,
    0.7296282887458801,
    0.7296282887458801,
    0.7296282887458801,
    0.7296282887458801,
    0.7296282887458801,
    0.7296282887458801,
    0.7296282887458801,
    0.7299201899766922,
    0.7299201899766922,
    0.7299201899766922,
    0.7299201899766922,
    0.7299201899766922,
    0.7299201899766922,
    0.7326548153162002,
    0.7326548153162002,
    0.7326548153162002,
    0.7326736062765121,
    0.7326736062765121,
    0.7326736062765121,
    0.7326736062765121,
    0.7341645610332489,
    0.7341645610332489,
    0.7341645610332489,
    0.7341645610332489,
    0.7341645610332489,
    0.7341645610332489,
    0.7341645610332489,
    0.7341645610332489,
    0.7341645610332489,
    0.7341645610332489,
    0.7341645610332489,
    0.7341645610332489,
    0.7341645610332489,
    0.7341645610332489,
    0.7341645610332489,
    0.7341645610332489,
    0.7341645610332489,
    0.7341645610332489,
    0.7341645610332489,
    0.7341645610332489,
    0.7341645610332489,
    0.7341645610332489,
    0.7341645610332489,
    0.7341645610332489,
    0.7341645610332489,
    0.7341645610332489,
    0.7341645610332489,
    0.7341645610332489,
    0.7341645610332489,
    0.7341645610332489,
    0.7341645610332489,
    0.7341645610332489,
    0.7341645610332489,
    0.7341645610332489,
    0.7341645610332489,
    0.7341645610332489,
    0.7341645610332489,
    0.7341645610332489,
    0.7341645610332489,
    0.7341645610332489,
    0.7341645610332489,
    0.7341645610332489,
    0.7341645610332489,
    0.7341645610332489,
    0.7341645610332489,
    0.7341645610332489,
    0.7341645610332489,
    0.7341645610332489,
    0.7341645610332489,
    0.7341645610332489,
    0.7341645610332489,
    0.7341645610332489,
    0.7341645610332489,
    0.7341645610332489,
    0.7341645610332489,
    0.7341645610332489,
    0.7341645610332489,
    0.7341645610332489,
    0.7341645610332489,
    0.7341645610332489,
    0.7341645610332489,
    0.7341645610332489,
    0.7341645610332489,
    0.7341645610332489,
    0.7341645610332489,
    0.7341645610332489,
    0.7341645610332489,
    0.7341645610332489,
    0.7341645610332489,
    0.7341645610332489,
    0.7341645610332489,
    0.7341645610332489,
    0.7341645610332489,
    0.7341645610332489,
    0.7341645610332489,
    0.7341645610332489,
    0.7341645610332489,
    0.7341645610332489,
    0.7341645610332489,
    0.7341645610332489,
    0.7341645610332489,
    0.7341645610332489,
    0.7341645610332489,
    0.7341645610332489,
    0.7341645610332489,
